image: temi_map.png
resolution: 0.050000
origin: [-7.100201, -6.428536, 0.000000]
negate: 0
occupied_thresh: 0.65
free_thresh: 0.196

