image: demomap_marker_tb3.png
resolution: 0.050000
origin: [-9.100000, -9.100000, 0.000000]
negate: 0
occupied_thresh: 0.65
free_thresh: 0.196

